Részvény: AAA

Dátum	Nyitó	Záró	Minimum	Maximum	Forgalom (db)
2007-09-25	501.0000	501.0000	501.0000	501.0000	0
2007-09-26	490.0000	508.0000	485.0000	513.0000	638230
2007-09-27	513.0000	504.0000	499.0000	514.0000	317045
2007-09-28	508.0000	508.0000	505.0000	513.0000	137417
2007-10-01	512.0000	508.0000	505.0000	520.0000	348357
2007-10-02	510.0000	507.0000	505.0000	513.0000	209760
2007-10-03	510.0000	504.0000	504.0000	510.0000	31451
2007-10-04	503.0000	507.0000	503.0000	510.0000	19420
2007-10-05	505.0000	510.0000	505.0000	510.0000	22640
2007-10-08	511.0000	509.0000	503.0000	511.0000	23295
2007-10-09	505.0000	504.0000	498.0000	505.0000	104550
2007-10-10	505.0000	499.0000	496.0000	505.0000	56045
2007-10-11	500.0000	500.0000	491.0000	500.0000	16983
2007-10-12	499.0000	499.0000	496.0000	500.0000	3814
2007-10-15	500.0000	495.0000	495.0000	502.0000	22212
2007-10-16	502.0000	505.0000	498.0000	505.0000	65536
2007-10-17	505.0000	501.0000	499.0000	509.0000	52154
2007-10-18	500.0000	499.0000	499.0000	503.0000	29368
2007-10-19	501.0000	496.0000	496.0000	503.0000	16167
2007-10-24	497.0000	494.0000	494.0000	499.0000	9040
2007-10-25	498.0000	490.0000	490.0000	498.0000	15472
2007-10-26	493.0000	496.0000	488.0000	496.0000	31830
2007-10-29	496.0000	495.0000	495.0000	498.0000	10833
2007-10-30	495.0000	492.0000	480.0000	497.0000	28551
2007-10-31	492.0000	490.0000	490.0000	492.0000	1580
2007-11-05	486.0000	481.0000	481.0000	486.0000	3540
2007-11-06	489.0000	490.0000	480.0000	490.0000	10834
2007-11-07	485.0000	485.0000	470.0000	489.0000	28686
2007-11-08	476.0000	489.0000	475.0000	489.0000	28016
2007-11-09	478.0000	480.0000	473.0000	484.0000	7965
2007-11-12	480.0000	473.0000	470.0000	480.0000	8715
2007-11-13	474.0000	473.0000	465.0000	474.0000	25345
2007-11-14	470.0000	471.0000	469.0000	475.0000	4890
2007-11-15	465.0000	470.0000	462.0000	474.0000	35450
2007-11-16	468.0000	452.0000	450.0000	468.0000	34425
2007-11-19	453.0000	447.0000	447.0000	457.0000	24081
2007-11-20	450.0000	449.0000	440.0000	453.0000	41782
2007-11-21	448.0000	426.0000	425.0000	448.0000	15968
2007-11-22	430.0000	442.0000	428.0000	444.0000	28708
2007-11-23	444.0000	448.0000	442.0000	455.0000	16397
2007-11-26	449.0000	447.0000	435.0000	450.0000	11759
2007-11-27	435.0000	447.0000	422.0000	447.0000	74763
2007-11-28	426.0000	440.0000	426.0000	445.0000	1321
2007-11-29	445.0000	435.0000	430.0000	445.0000	27799
2007-11-30	440.0000	445.0000	432.0000	445.0000	18738
2007-12-03	448.0000	448.0000	442.0000	454.0000	10896
2007-12-04	445.0000	455.0000	441.0000	455.0000	8309
2007-12-05	455.0000	450.0000	450.0000	459.0000	14134
2007-12-06	452.0000	452.0000	452.0000	456.0000	25000
2007-12-07	457.0000	454.0000	448.0000	457.0000	13159
2007-12-10	448.0000	450.0000	444.0000	451.0000	9483
2007-12-11	448.0000	440.0000	440.0000	449.0000	24684
2007-12-12	440.0000	441.0000	439.0000	445.0000	8725
2007-12-13	448.0000	449.0000	441.0000	449.0000	5030
2007-12-14	446.0000	435.0000	434.0000	446.0000	11125
2007-12-17	435.0000	430.0000	427.0000	435.0000	14795
2007-12-18	428.0000	438.0000	426.0000	438.0000	4295
2007-12-19	431.0000	430.0000	428.0000	432.0000	10412
2007-12-20	430.0000	428.0000	427.0000	430.0000	40674
2007-12-21	428.0000	428.0000	418.0000	428.0000	75638
2007-12-27	421.0000	427.0000	420.0000	430.0000	61459
2007-12-28	426.0000	418.0000	417.0000	426.0000	26590
2008-01-02	429.0000	420.0000	420.0000	429.0000	900
2008-01-03	421.0000	420.0000	418.0000	421.0000	671
2008-01-04	417.0000	419.0000	407.0000	430.0000	15403
2008-01-07	414.0000	401.0000	400.0000	415.0000	6335
2008-01-08	413.0000	405.0000	395.0000	413.0000	4775
2008-01-09	404.0000	383.0000	370.0000	404.0000	46060
2008-01-10	390.0000	358.0000	357.0000	394.0000	51693
2008-01-11	368.0000	341.0000	336.0000	368.0000	129188
2008-01-14	348.0000	336.0000	330.0000	348.0000	67974
2008-01-15	336.0000	345.0000	336.0000	360.0000	85805
2008-01-16	340.0000	344.0000	323.0000	351.0000	175005
2008-01-17	345.0000	328.0000	320.0000	353.0000	139238
2008-01-18	325.0000	315.0000	300.0000	325.0000	84640
2008-01-21	313.0000	305.0000	296.0000	316.0000	22569
2008-01-22	290.0000	275.0000	261.0000	290.0000	149298
2008-01-23	285.0000	260.0000	248.0000	285.0000	492799
2008-01-24	272.0000	281.0000	268.0000	285.0000	79315
2008-01-25	294.0000	297.0000	290.0000	305.0000	85184
2008-01-28	294.0000	286.0000	282.0000	295.0000	17284
2008-01-29	302.0000	295.0000	295.0000	308.0000	122797
2008-01-30	299.0000	300.0000	292.0000	303.0000	21305
2008-01-31	300.0000	297.0000	290.0000	301.0000	61748
2008-02-01	297.0000	308.0000	297.0000	313.0000	28223
2008-02-04	312.0000	303.0000	303.0000	315.0000	18075
2008-02-05	301.0000	299.0000	292.0000	308.0000	11173
2008-02-06	290.0000	311.0000	285.0000	311.0000	18639
2008-02-07	308.0000	307.0000	302.0000	312.0000	13712
2008-02-08	299.0000	297.0000	288.0000	300.0000	49367
2008-02-11	274.0000	261.0000	260.0000	278.0000	128088
2008-02-12	261.0000	274.0000	261.0000	274.0000	19060
2008-02-13	274.0000	264.0000	260.0000	274.0000	171299
2008-02-14	263.0000	251.0000	246.0000	263.0000	12524
2008-02-15	253.0000	248.0000	246.0000	260.0000	56361
2008-02-18	257.0000	258.0000	252.0000	264.0000	40488
2008-02-19	264.0000	262.0000	256.0000	264.0000	6995
2008-02-20	260.0000	260.0000	260.0000	265.0000	18741
2008-02-21	260.0000	260.0000	258.0000	263.0000	45748
2008-02-22	259.0000	265.0000	255.0000	265.0000	9522
2008-02-25	260.0000	246.0000	246.0000	265.0000	76970
2008-02-26	249.0000	250.0000	249.0000	255.0000	7134
2008-02-27	250.0000	253.0000	247.0000	253.0000	8660
2008-02-28	251.0000	233.0000	230.0000	251.0000	62340
2008-02-29	232.0000	231.0000	225.0000	232.0000	41665
2008-03-03	229.0000	228.0000	216.0000	229.0000	26264
2008-03-04	220.0000	228.0000	220.0000	228.0000	7411
2008-03-05	223.0000	225.0000	220.0000	225.0000	79320
2008-03-06	220.0000	219.0000	212.0000	220.0000	2388
2008-03-07	212.0000	196.0000	187.0000	212.0000	62934
2008-03-10	190.0000	180.0000	180.0000	200.0000	7635
2008-03-11	178.0000	173.0000	170.0000	183.0000	33857
2008-03-12	174.0000	185.0000	174.0000	192.0000	14401
2008-03-13	182.0000	189.0000	178.0000	190.0000	4293
2008-03-14	181.0000	186.0000	179.0000	187.0000	12005
2008-03-17	181.0000	185.0000	175.0000	185.0000	7086
2008-03-18	175.0000	173.0000	172.0000	180.0000	117103
2008-03-19	180.0000	172.0000	172.0000	181.0000	16357
2008-03-20	175.0000	170.0000	169.0000	175.0000	4342
2008-03-21	170.0000	177.0000	170.0000	177.0000	29590
2008-03-25	175.0000	198.0000	175.0000	202.0000	33255
2008-03-26	200.0000	190.0000	190.0000	203.0000	54505
2008-03-27	188.0000	194.0000	188.0000	196.0000	54224
2008-03-28	194.0000	198.0000	194.0000	200.0000	3713
2008-03-31	197.0000	199.0000	183.0000	199.0000	19276
2008-04-01	199.0000	198.0000	190.0000	199.0000	73592
2008-04-02	199.0000	200.0000	198.0000	203.0000	5542
2008-04-03	193.0000	195.0000	193.0000	200.0000	2520
2008-04-04	204.0000	194.0000	194.0000	204.0000	2685
2008-04-07	193.0000	200.0000	193.0000	200.0000	911
2008-04-08	196.0000	195.0000	194.0000	198.0000	25450
2008-04-09	193.0000	193.0000	193.0000	198.0000	6000
2008-04-10	192.0000	188.0000	188.0000	192.0000	5690
2008-04-11	188.0000	190.0000	187.0000	190.0000	10434
2008-04-14	184.0000	184.0000	184.0000	184.0000	1100
2008-04-15	190.0000	187.0000	186.0000	193.0000	3061
2008-04-16	188.0000	188.0000	188.0000	188.0000	200
2008-04-17	194.0000	195.0000	194.0000	195.0000	990
2008-04-18	195.0000	194.0000	194.0000	195.0000	6500
2008-04-21	197.0000	195.0000	193.0000	197.0000	3210
2008-04-22	193.0000	192.0000	192.0000	193.0000	820
2008-04-23	191.0000	195.0000	190.0000	197.0000	13950
2008-04-24	196.0000	197.0000	193.0000	197.0000	4235
2008-04-25	193.0000	198.0000	193.0000	198.0000	5220
2008-04-28	198.0000	202.0000	193.0000	202.0000	27362
2008-04-29	204.0000	202.0000	198.0000	204.0000	130517
2008-04-30	205.0000	220.0000	205.0000	220.0000	22406
2008-05-05	220.0000	220.0000	214.0000	220.0000	3738
2008-05-06	212.0000	211.0000	211.0000	213.0000	1898
2008-05-07	212.0000	236.0000	210.0000	236.0000	16401
2008-05-08	235.0000	233.0000	231.0000	235.0000	11132
2008-05-09	227.0000	245.0000	227.0000	248.0000	55865
2008-05-13	250.0000	278.0000	250.0000	281.0000	73147
2008-05-14	284.0000	278.0000	278.0000	296.0000	276078
2008-05-15	285.0000	282.0000	274.0000	285.0000	33784
2008-05-16	285.0000	276.0000	270.0000	285.0000	7880
2008-05-19	272.0000	261.0000	261.0000	272.0000	15695
2008-05-20	261.0000	261.0000	259.0000	269.0000	8407
2008-05-21	265.0000	253.0000	253.0000	265.0000	3235
2008-05-22	251.0000	250.0000	243.0000	253.0000	49004
2008-05-23	242.0000	236.0000	234.0000	242.0000	9466
2008-05-26	240.0000	226.0000	213.0000	240.0000	11193
2008-05-27	225.0000	220.0000	220.0000	225.0000	3570
2008-05-28	223.0000	220.0000	220.0000	223.0000	2064
2008-05-29	220.0000	222.0000	215.0000	222.0000	1920
2008-05-30	220.0000	238.0000	220.0000	241.0000	39722
2008-06-02	237.0000	233.0000	231.0000	242.0000	7100
2008-06-04	225.0000	221.0000	221.0000	233.0000	2510
2008-06-05	223.0000	224.0000	222.0000	229.0000	2210
2008-06-06	226.0000	229.0000	226.0000	236.0000	99408
2008-06-09	221.0000	227.0000	217.0000	230.0000	6021
2008-06-10	215.0000	220.0000	215.0000	220.0000	993
2008-06-11	228.0000	228.0000	228.0000	228.0000	10
2008-06-12	212.0000	214.0000	206.0000	225.0000	10472
2008-06-13	223.0000	223.0000	223.0000	223.0000	62
2008-06-16	211.0000	212.0000	206.0000	215.0000	24454
2008-06-17	207.0000	207.0000	207.0000	207.0000	1000
2008-06-18	210.0000	210.0000	210.0000	210.0000	588
2008-06-19	209.0000	205.0000	201.0000	212.0000	15899
2008-06-23	200.0000	190.0000	190.0000	200.0000	5215
2008-06-24	198.0000	185.0000	185.0000	198.0000	20561
2008-06-25	185.0000	183.0000	183.0000	185.0000	13833
2008-06-27	180.0000	190.0000	180.0000	190.0000	7955
2008-07-01	187.0000	181.0000	181.0000	187.0000	2122
2008-07-02	184.0000	181.0000	181.0000	184.0000	7000
2008-07-03	181.0000	174.0000	172.0000	181.0000	7440
2008-07-04	176.0000	171.0000	171.0000	176.0000	10112
2008-07-07	175.0000	175.0000	173.0000	175.0000	1500
2008-07-08	175.0000	175.0000	175.0000	175.0000	120
2008-07-09	165.0000	170.0000	165.0000	170.0000	13441
2008-07-10	166.0000	175.0000	165.0000	179.0000	51455
2008-07-14	170.0000	163.0000	163.0000	175.0000	7995
2008-07-15	167.0000	164.0000	164.0000	167.0000	220
2008-07-16	165.0000	155.0000	145.0000	165.0000	32460
2008-07-17	155.0000	164.0000	155.0000	164.0000	6244
2008-07-21	165.0000	170.0000	165.0000	170.0000	2990
2008-07-22	160.0000	165.0000	160.0000	170.0000	2335
2008-07-23	162.0000	181.0000	162.0000	182.0000	15548
2008-07-24	183.0000	183.0000	167.0000	183.0000	708
2008-07-28	180.0000	173.0000	167.0000	180.0000	1670
2008-07-29	166.0000	165.0000	165.0000	167.0000	2350
2008-07-30	169.0000	179.0000	166.0000	179.0000	4363
2008-07-31	169.0000	168.0000	168.0000	169.0000	1368
2008-08-01	179.0000	179.0000	179.0000	179.0000	5
2008-08-04	170.0000	170.0000	170.0000	174.0000	3503
2008-08-05	166.0000	178.0000	166.0000	180.0000	6933
2008-08-06	175.0000	170.0000	170.0000	180.0000	12077
2008-08-07	171.0000	170.0000	170.0000	171.0000	6205
2008-08-08	172.0000	166.0000	166.0000	172.0000	512
2008-08-11	177.0000	173.0000	173.0000	177.0000	30
2008-08-12	165.0000	170.0000	165.0000	177.0000	154
2008-08-13	180.0000	170.0000	165.0000	180.0000	4381
2008-08-14	164.0000	170.0000	164.0000	170.0000	2002
2008-08-15	177.0000	161.0000	161.0000	177.0000	612
2008-08-18	162.0000	169.0000	162.0000	170.0000	162
2008-08-19	169.0000	173.0000	169.0000	173.0000	1171
2008-08-21	170.0000	170.0000	163.0000	170.0000	102
2008-08-22	166.0000	170.0000	150.0000	170.0000	17756
2008-08-25	172.0000	171.0000	156.0000	172.0000	102
2008-08-26	161.0000	169.0000	161.0000	169.0000	89
2008-08-27	167.0000	168.0000	167.0000	168.0000	540
2008-08-28	172.0000	175.0000	171.0000	175.0000	2662
2008-08-29	175.0000	183.0000	175.0000	184.0000	16844
2008-09-01	182.0000	171.0000	171.0000	182.0000	2302
2008-09-02	179.0000	185.0000	179.0000	185.0000	25105
2008-09-03	185.0000	175.0000	175.0000	185.0000	13994
2008-09-04	174.0000	181.0000	170.0000	181.0000	2806
2008-09-05	172.0000	177.0000	172.0000	177.0000	1500
2008-09-08	179.0000	178.0000	176.0000	179.0000	8551
2008-09-09	172.0000	176.0000	171.0000	176.0000	741
2008-09-12	174.0000	176.0000	171.0000	176.0000	1162
2008-09-15	165.0000	165.0000	155.0000	169.0000	1502
2008-09-16	154.0000	161.0000	151.0000	161.0000	10907
2008-09-17	152.0000	150.0000	150.0000	158.0000	12725
2008-09-18	128.0000	155.0000	128.0000	155.0000	7665
2008-09-19	159.0000	160.0000	156.0000	160.0000	10121
2008-09-22	155.0000	156.0000	149.0000	156.0000	5800
2008-09-23	153.0000	149.0000	149.0000	153.0000	365
2008-09-24	155.0000	150.0000	150.0000	155.0000	650
2008-09-25	149.0000	145.0000	142.0000	149.0000	1144
2008-09-26	145.0000	144.0000	144.0000	145.0000	1500
2008-09-29	144.0000	145.0000	144.0000	146.0000	2967
2008-09-30	140.0000	135.0000	129.0000	141.0000	18726
2008-10-01	140.0000	140.0000	140.0000	140.0000	2080
2008-10-02	137.0000	138.0000	136.0000	140.0000	9250
2008-10-03	135.0000	130.0000	129.0000	135.0000	5450
2008-10-06	129.0000	129.0000	129.0000	129.0000	640
2008-10-07	129.0000	119.0000	119.0000	129.0000	1354
2008-10-08	110.0000	108.0000	102.0000	111.0000	14024
2008-10-09	105.0000	110.0000	99.0000	110.0000	22346
2008-10-10	99.0000	94.0000	94.0000	99.0000	3615
2008-10-13	85.0000	100.0000	85.0000	107.0000	494
2008-10-14	101.0000	115.0000	101.0000	115.0000	52960
2008-10-15	123.0000	100.0000	100.0000	124.0000	71730
2008-10-16	95.0000	100.0000	86.0000	110.0000	6207
2008-10-17	101.0000	91.0000	91.0000	101.0000	10022
2008-10-20	96.0000	96.0000	96.0000	96.0000	3531
2008-10-21	105.0000	103.0000	90.0000	105.0000	6463
2008-10-22	95.0000	100.0000	95.0000	100.0000	10330
2008-10-27	95.0000	85.0000	85.0000	95.0000	9380
2008-10-28	90.0000	90.0000	90.0000	93.0000	1247
2008-10-29	90.0000	94.0000	90.0000	100.0000	42507
2008-10-30	93.0000	89.0000	88.0000	95.0000	19553
2008-10-31	93.0000	89.0000	89.0000	93.0000	14180
2008-11-03	90.0000	90.0000	90.0000	94.0000	6398
2008-11-04	90.0000	93.0000	90.0000	93.0000	24381
2008-11-05	91.0000	90.0000	89.0000	92.0000	14290
2008-11-06	89.0000	86.0000	86.0000	89.0000	2898
2008-11-07	86.0000	87.0000	86.0000	90.0000	7568
2008-11-10	89.0000	89.0000	88.0000	90.0000	15303
2008-11-11	91.0000	89.0000	87.0000	91.0000	2819
2008-11-12	86.0000	89.0000	85.0000	89.0000	2900
2008-11-13	85.0000	89.0000	82.0000	89.0000	1711
2008-11-14	88.0000	88.0000	88.0000	89.0000	3910
2008-11-17	87.0000	84.0000	84.0000	87.0000	1325
2008-11-18	84.0000	82.0000	76.0000	84.0000	7962
2008-11-19	75.0000	81.0000	75.0000	81.0000	2
2008-11-20	82.0000	74.0000	70.0000	82.0000	19391
2008-11-21	80.0000	75.0000	75.0000	80.0000	1111
2008-11-24	82.0000	82.0000	82.0000	82.0000	675
2008-11-25	75.0000	80.0000	75.0000	80.0000	5187
2008-11-26	80.0000	82.0000	80.0000	82.0000	1176
2008-11-28	81.0000	79.0000	77.0000	82.0000	16320
2008-12-01	81.0000	90.0000	81.0000	90.0000	30755
2008-12-02	82.0000	89.0000	82.0000	89.0000	9889
2008-12-03	86.0000	79.0000	76.0000	86.0000	30042
2008-12-04	79.0000	81.0000	79.0000	83.0000	10127
2008-12-05	82.0000	79.0000	78.0000	82.0000	10631
2008-12-08	79.0000	83.0000	79.0000	83.0000	5390
2008-12-09	81.0000	82.0000	81.0000	83.0000	3276
2008-12-10	81.0000	81.0000	77.0000	81.0000	11123
2008-12-11	80.0000	81.0000	80.0000	81.0000	4954
2008-12-12	79.0000	80.0000	79.0000	80.0000	7388
2008-12-15	80.0000	82.0000	76.0000	82.0000	13503
2008-12-16	77.0000	82.0000	75.0000	82.0000	33367
2008-12-17	78.0000	78.0000	78.0000	79.0000	5765
2008-12-18	78.0000	88.0000	78.0000	88.0000	40129
2008-12-19	85.0000	82.0000	82.0000	85.0000	4481
2008-12-22	81.0000	81.0000	81.0000	83.0000	11360
2008-12-23	80.0000	85.0000	80.0000	85.0000	6342
2008-12-29	85.0000	82.0000	82.0000	86.0000	4915
2008-12-30	81.0000	81.0000	80.0000	81.0000	19413
2008-12-31	83.0000	83.0000	83.0000	83.0000	10
2009-01-05	83.0000	85.0000	82.0000	85.0000	8250
2009-01-07	84.0000	86.0000	82.0000	86.0000	2706
2009-01-08	83.0000	84.0000	83.0000	84.0000	1180
2009-01-09	84.0000	81.0000	81.0000	84.0000	64
2009-01-12	80.0000	79.0000	79.0000	81.0000	5131
2009-01-13	79.0000	85.0000	78.0000	85.0000	16191
2009-01-14	84.0000	80.0000	80.0000	84.0000	2210
2009-01-15	80.0000	80.0000	80.0000	80.0000	990
2009-01-16	80.0000	82.0000	80.0000	82.0000	9590
2009-01-19	84.0000	81.0000	81.0000	84.0000	1926
2009-01-20	79.0000	85.0000	77.0000	85.0000	6985
2009-01-22	83.0000	78.0000	78.0000	83.0000	3010
2009-01-23	80.0000	79.0000	75.0000	80.0000	3783
2009-01-26	79.0000	80.0000	79.0000	80.0000	2000
2009-01-27	79.0000	79.0000	79.0000	79.0000	800
2009-01-28	79.0000	79.0000	77.0000	79.0000	903
2009-01-29	78.0000	80.0000	77.0000	80.0000	12865
2009-01-30	79.0000	79.0000	79.0000	79.0000	100
2009-02-03	76.0000	77.0000	76.0000	77.0000	3860
2009-02-04	77.0000	83.0000	76.0000	83.0000	6479
2009-02-05	79.0000	80.0000	78.0000	80.0000	3060
2009-02-06	78.0000	78.0000	77.0000	78.0000	4270
2009-02-09	78.0000	80.0000	78.0000	80.0000	1233
2009-02-10	78.0000	76.0000	75.0000	78.0000	2483
2009-02-11	77.0000	77.0000	77.0000	77.0000	310
2009-02-12	77.0000	77.0000	77.0000	77.0000	1200
2009-02-13	78.0000	76.0000	76.0000	78.0000	1826
2009-02-17	76.0000	73.0000	72.0000	76.0000	6199
2009-02-18	70.0000	65.0000	65.0000	70.0000	11776
2009-02-19	70.0000	65.0000	64.0000	70.0000	376
2009-02-20	65.0000	70.0000	65.0000	73.0000	985
2009-02-23	69.0000	69.0000	69.0000	69.0000	1000
2009-02-24	67.0000	67.0000	63.0000	67.0000	6568
2009-02-25	66.0000	63.0000	58.0000	66.0000	22882
2009-02-26	65.0000	65.0000	65.0000	65.0000	300
2009-02-27	65.0000	65.0000	65.0000	65.0000	1450
2009-03-02	60.0000	57.0000	56.0000	60.0000	6912
2009-03-03	59.0000	60.0000	59.0000	60.0000	1701
2009-03-04	60.0000	57.0000	55.0000	60.0000	3854
2009-03-05	57.0000	56.0000	56.0000	57.0000	100
2009-03-06	56.0000	52.0000	51.0000	56.0000	2145
2009-03-09	51.0000	52.0000	51.0000	52.0000	109
2009-03-11	52.0000	52.0000	52.0000	52.0000	400
2009-03-12	56.0000	56.0000	56.0000	56.0000	134
2009-03-13	54.0000	57.0000	54.0000	57.0000	1300
2009-03-18	57.0000	57.0000	57.0000	57.0000	350
2009-03-19	51.0000	51.0000	50.0000	55.0000	5650
2009-03-20	50.0000	52.0000	50.0000	52.0000	6865
2009-03-23	49.0000	55.0000	49.0000	55.0000	6218
2009-03-24	55.0000	56.0000	55.0000	56.0000	1162
2009-03-25	56.0000	56.0000	55.0000	58.0000	10956
2009-03-26	56.0000	56.0000	54.0000	58.0000	1465
2009-03-27	55.0000	64.0000	55.0000	64.0000	59977
2009-03-30	69.0000	73.0000	68.0000	73.0000	42208
2009-03-31	75.0000	83.0000	75.0000	83.0000	23986
2009-04-01	85.0000	87.0000	85.0000	95.0000	68859
2009-04-02	90.0000	83.0000	80.0000	92.0000	49066
2009-04-03	80.0000	76.0000	73.0000	80.0000	51569
2009-04-06	82.0000	80.0000	80.0000	86.0000	17526
2009-04-07	80.0000	92.0000	80.0000	92.0000	43833
2009-04-08	90.0000	90.0000	85.0000	92.0000	5827
2009-04-09	92.0000	86.0000	86.0000	92.0000	11385
2009-04-10	88.0000	88.0000	87.0000	91.0000	35368
2009-04-14	91.0000	90.0000	90.0000	91.0000	3315
2009-04-15	87.0000	85.0000	84.0000	87.0000	43887
2009-04-16	82.0000	90.0000	82.0000	90.0000	7765
2009-04-17	90.0000	92.0000	89.0000	92.0000	12022
2009-04-20	87.0000	86.0000	86.0000	87.0000	1237
2009-04-21	85.0000	88.0000	85.0000	88.0000	13099
2009-04-22	89.0000	89.0000	88.0000	89.0000	11522
2009-04-23	85.0000	86.0000	85.0000	86.0000	1051
2009-04-24	86.0000	86.0000	86.0000	86.0000	365
2009-04-27	85.0000	85.0000	85.0000	85.0000	248
2009-04-28	85.0000	87.0000	83.0000	87.0000	1010
2009-04-29	83.0000	80.0000	80.0000	83.0000	22510
2009-04-30	80.0000	80.0000	79.0000	81.0000	171000
2009-05-04	80.0000	83.0000	76.0000	83.0000	136191
2009-05-05	83.0000	80.0000	80.0000	83.0000	1656
2009-05-06	84.0000	86.0000	83.0000	87.0000	27733
2009-05-07	85.0000	88.0000	85.0000	90.0000	38103
2009-05-08	84.0000	86.0000	84.0000	86.0000	2100
2009-05-11	87.0000	86.0000	84.0000	88.0000	20000
2009-05-12	86.0000	89.0000	85.0000	89.0000	11888
2009-05-13	86.0000	86.0000	86.0000	86.0000	6222
2009-05-14	86.0000	88.0000	85.0000	88.0000	17936
2009-05-15	85.0000	85.0000	85.0000	85.0000	10000
2009-05-18	88.0000	87.0000	87.0000	88.0000	2597
2009-05-19	85.0000	87.0000	85.0000	87.0000	400
2009-05-22	87.0000	85.0000	85.0000	87.0000	3835
2009-05-25	87.0000	87.0000	87.0000	87.0000	257
2009-05-26	86.0000	84.0000	84.0000	86.0000	1642
2009-05-27	87.0000	90.0000	83.0000	90.0000	48217
2009-05-28	90.0000	89.0000	89.0000	90.0000	8870
2009-05-29	90.0000	91.0000	90.0000	97.0000	31433
2009-06-02	90.0000	90.0000	90.0000	90.0000	500
2009-06-03	87.0000	90.0000	87.0000	90.0000	172
2009-06-04	87.0000	90.0000	87.0000	90.0000	3500
2009-06-05	88.0000	90.0000	88.0000	90.0000	738
2009-06-08	86.0000	86.0000	86.0000	86.0000	565
2009-06-09	86.0000	86.0000	86.0000	86.0000	500
2009-06-10	86.0000	90.0000	86.0000	94.0000	7969
2009-06-12	88.0000	88.0000	88.0000	88.0000	320
2009-06-15	90.0000	90.0000	90.0000	90.0000	370
2009-06-16	90.0000	93.0000	90.0000	93.0000	3800
2009-06-17	87.0000	94.0000	87.0000	94.0000	280
2009-06-18	94.0000	90.0000	90.0000	94.0000	950
2009-06-19	92.0000	93.0000	92.0000	93.0000	2900
2009-06-22	91.0000	91.0000	91.0000	91.0000	600
2009-06-23	90.0000	93.0000	90.0000	93.0000	11684
2009-06-24	94.0000	94.0000	94.0000	94.0000	500
2009-06-25	92.0000	92.0000	92.0000	92.0000	100
2009-06-26	90.0000	87.0000	86.0000	90.0000	2000
2009-06-29	92.0000	92.0000	92.0000	92.0000	1000
2009-06-30	88.0000	94.0000	88.0000	94.0000	2060
2009-07-01	94.0000	94.0000	94.0000	94.0000	430
2009-07-10	91.0000	91.0000	91.0000	91.0000	70
